SupplierID,PoliticalRisk,EconomicRisk,EnvironmentalRisk,CyberSecurityRisk,FinancialStability,SingleSourceDependency,GeographicConcentration,ComplianceRisk,ReputationScore
SUP001,6,5,7,6,7,8,9,5,72
SUP002,2,3,3,2,9,3,4,2,94
SUP003,3,4,4,3,8,5,5,3,88
SUP004,4,4,5,5,7,6,7,4,78
SUP005,7,8,6,7,5,7,8,8,65
SUP006,5,6,7,6,6,7,8,6,72
SUP007,6,7,5,5,6,6,7,6,70
SUP008,2,2,3,2,9,2,3,2,95
SUP009,3,3,4,3,8,4,5,3,90
SUP010,5,6,6,5,6,7,6,6,68
SUP011,3,4,5,4,8,4,5,3,82
SUP012,3,3,4,3,8,4,4,3,86
SUP013,3,4,4,3,7,5,5,4,75
SUP014,5,6,8,6,6,8,9,7,63
SUP015,3,5,4,3,7,5,5,4,80
SUP016,4,4,5,4,8,5,6,4,87
SUP017,4,5,4,4,7,5,6,5,73
SUP018,6,7,8,7,5,8,9,8,60
SUP019,4,5,5,5,6,6,6,5,71
SUP020,7,8,9,8,4,9,10,9,58
SUP021,6,6,6,6,6,6,7,6,76
SUP022,5,6,7,6,6,7,8,6,69
SUP023,5,6,5,5,6,6,6,6,74
SUP024,2,2,3,2,9,2,3,2,91
SUP025,1,2,2,1,10,1,2,1,96
SUP026,2,3,3,2,9,3,3,2,84
SUP027,2,3,3,3,8,4,4,3,79
SUP028,6,7,5,6,5,7,7,7,64
SUP029,6,7,8,7,5,8,9,8,61
SUP030,3,4,4,4,7,5,5,4,77
SUP031,4,5,4,4,7,5,5,5,72
SUP032,3,4,5,4,8,4,5,3,76
SUP033,2,3,3,2,8,3,4,3,85
SUP034,2,3,4,3,8,4,4,3,81
SUP035,2,3,3,3,8,3,4,3,80
SUP036,3,4,4,3,8,4,5,4,78
SUP037,3,4,4,3,7,4,5,4,75
SUP038,5,5,5,4,7,5,6,5,83
SUP039,4,5,5,5,7,6,6,5,74
SUP040,6,6,6,6,6,7,7,7,68
SUP041,7,8,7,7,5,8,8,8,62
SUP042,6,7,6,6,6,7,7,7,64
SUP043,8,8,7,8,4,8,9,9,60
SUP044,8,9,8,8,4,9,9,9,59
SUP045,6,7,6,6,6,7,7,7,67
SUP046,6,7,6,6,6,7,7,7,65
SUP047,7,8,7,7,5,8,8,8,61
SUP048,5,6,5,5,6,6,6,6,70
SUP049,7,7,7,7,5,7,8,8,63
SUP050,5,6,5,5,6,6,6,6,69
SUP051,5,6,5,5,6,6,6,6,68
SUP052,6,7,6,6,5,7,7,7,64
SUP053,4,5,5,4,7,5,6,5,73
SUP054,3,3,4,3,8,4,5,3,86
SUP055,3,4,4,3,8,4,5,3,88
SUP056,7,8,8,7,4,8,9,9,57
SUP057,7,8,7,7,5,8,8,8,60
SUP058,6,7,7,6,5,7,8,7,63
SUP059,8,9,8,8,3,9,9,9,55
SUP060,7,8,8,7,4,8,9,8,58
SUP061,8,8,8,8,3,9,9,9,56
SUP062,7,7,7,7,5,7,8,7,61
SUP063,6,7,6,6,6,7,7,7,66
SUP064,7,7,7,7,5,7,8,8,62
SUP065,3,4,4,4,7,5,5,4,76
SUP066,4,5,5,5,6,6,6,5,71
SUP067,5,6,5,5,6,6,6,6,68
SUP068,4,5,5,4,7,5,6,5,72
SUP069,5,6,5,5,6,6,6,6,69
SUP070,4,4,4,4,7,5,5,4,74
SUP071,4,5,4,4,7,5,5,5,73
SUP072,3,4,4,4,7,5,5,4,72
SUP073,3,4,4,4,7,5,5,4,71
SUP074,3,4,4,4,7,5,5,4,73
SUP075,5,6,5,5,6,6,6,6,72
SUP076,4,5,5,5,7,5,6,5,70
SUP077,5,6,5,5,6,6,6,6,68
SUP078,2,3,4,3,8,4,4,3,74
SUP079,2,2,3,2,9,3,3,2,79
SUP080,2,2,3,2,9,3,3,2,78
SUP081,6,7,6,6,5,7,7,7,65
SUP082,5,6,6,6,6,6,7,6,67
SUP083,6,7,6,6,5,7,7,7,64
SUP084,6,7,6,6,5,7,7,7,63
SUP085,5,6,6,6,6,6,7,6,66
SUP086,6,7,6,6,5,7,7,7,68
SUP087,6,6,6,6,6,6,7,6,67
SUP088,6,7,6,6,6,7,7,7,66
SUP089,5,6,5,5,6,6,6,6,70
SUP090,6,7,6,6,5,7,7,7,71
SUP091,7,7,6,6,5,7,8,7,75
SUP092,7,8,7,7,5,8,8,8,65
SUP093,9,9,8,9,3,9,10,10,58
SUP094,6,7,6,6,6,7,7,7,66
SUP095,7,8,7,7,4,8,8,8,64
SUP096,4,5,5,5,7,6,6,5,69
SUP097,3,4,4,4,8,5,5,4,72
SUP098,4,5,5,4,7,5,6,5,73
SUP099,4,5,5,5,7,5,6,5,70
SUP100,9,9,9,9,2,10,10,10,54
